2500 1000
2.29985 63.6946
19.1254 45.7843
87.2333 90.0307
40.6151 1.22804
22.8986 29.7898
78.9557 52.4057
59.5543 40.7944
45.2241 75.3619
85.5759 69.9946
70.5504 79.4505
95.6983 84.3716
10.0847 91.8339
96.8658 88.2046
75.5513 96.403
52.404 51.4982
77.9887 54.7038
15.1928 97.114
0.488055 2.42608
87.1447 41.1032
3.65413 10.0433
70.893 82.6098
62.4489 30.4473
23.4042 7.67307
5.8092 8.98007
77.6677 76.3596
88.4305 73.366
60.7312 98.5152
65.1999 57.597
86.7199 40.7511
54 39.1238
92.2493 31.9886
93.8276 7.44212
29.1027 94.3157
9.8682 16.2474
35.4189 13.5223
26.2906 6.31184
96.1321 88.7396
36.7591 19.5363
96.4127 42.5683
28.5163 74.0804
18.9279 16.9469
47.4464 79.6591
15.4621 12.6463
37.2561 2.18194
53.3974 91.2561
41.3057 45.6467
23.2447 35.1334
53.0889 52.3474
29.449 62.9571
68.5947 64.8679
76.4794 94.8854
71.1797 72.6115
83.625 7.93882
92.1478 80.0376
50.5071 20.6641
54.118 69.435
37.611 1.56434
49.0941 53.0731
14.2106 86.3502
55.255 67.608
77.6062 96.5608
13.2548 0.850932
31.6941 66.3436
53.1983 61.1431
29.3007 21.793
26.011 5.7801
16.6784 97.1908
78.3916 0.303355
5.12957 70.5394
80.341 55.6367
91.2035 34.4589
25.0717 28.8145
36.0233 74.1658
81.8876 50.2339
60.5159 37.1426
17.8419 38.1222
33.7034 31.0967
38.9731 65.3975
97.4403 92.1714
26.5407 26.741
13.9644 52.5517
32.5211 30.6428
49.7424 10.9127
30.9462 54.872
81.4521 11.2872
10.5087 72.6556
45.7461 35.5804
1.47011 81.7693
9.74618 83.3577
32.0032 70.2621
20.5003 49.8451
8.38428 54.2037
80.9418 47.3574
19.6012 78.3821
39.5288 46.1419
5.12308 53.4932
98.6936 37.6442
84.1361 48.436
48.5569 15.0822
3.30803 30.009
26.3694 13.8167
2.66458 72.1155
49.3971 4.13469
53.8848 59.1433
87.4924 85.888
29.4054 7.9927
35.7331 37.7897
62.1964 16.6748
85.1471 81.7976
95.0569 24.6759
27.9395 0.179988
78.1691 26.6331
37.8242 62.3052
75.0691 86.3811
77.3874 78.3771
16.3901 3.7568
92.1938 19.0546
75.8723 41.591
23.1893 29.7571
0.734299 10.6817
15.645 30.1397
18.6744 51.3781
67.9295 80.8708
68.0529 53.0766
62.6684 63.1099
77.7524 90.6079
63.2898 55.9215
17.241 1.11402
18.2267 92.31
87.4951 95.6141
70.6871 3.88514
99.3709 62.881
22.9398 75.2432
4.47194 46.1291
5.00022 5.20624
56.8108 20.6453
35.346 75.4852
72.0234 3.27543
56.3561 40.0763
56.352 19.0245
3.18617 34.1044
9.63241 66.476
90.026 26.8734
67.59 8.25267
19.1834 55.0851
3.86677 89.8705
58.9703 3.23768
52.7515 81.91
78.4808 57.2234
28.0391 83.4811
62.4297 84.8499
4.12632 97.7757
60.3352 76.1497
1.05108 16.6912
16.226 57.4031
35.7157 19.4122
91.5075 45.3481
85.8882 81.5335
72.2215 53.4782
89.7861 91.4049
8.56332 93.6529
81.2755 67.5336
96.8906 34.027
49.4436 75.3714
91.2504 77.4827
58.8525 53.6801
62.3327 62.9788
51.4558 22.6679
39.1285 52.5069
39.3591 55.3545
9.90993 75.0748
74.7666 1.41742
20.423 60.6548
82.9509 92.6445
14.133 72.737
84.0494 22.6963
66.3899 65.3249
90.2299 63.2805
99.3519 39.6735
38.6519 90.6024
17.1563 97.5044
44.2825 79.489
60.4832 95.7383
2.15682 99.6116
48.2451 41.5159
54.9661 58.1551
16.5907 29.7328
59.5725 37.0137
90.3876 42.5234
29.6582 4.52062
15.2603 13.7076
27.217 81.6502
79.0326 17.4469
44.9307 78.3845
57.1204 83.5826
68.9868 74.2767
81.087 13.2693
53.7656 41.5701
9.0076 55.9225
41.1818 57.2527
97.4384 96.1479
15.4078 14.0291
25.8807 74.9803
51.0428 16.2682
17.5036 80.701
20.7889 32.764
94.4087 48.0058
14.4142 73.4412
65.4527 59.3449
51.8257 22.5731
42.9275 20.8125
96.8498 24.0145
34.0819 50.6155
65.5846 43.0895
6.53794 6.76636
0.342206 3.97632
2.91425 15.75
18.0054 28.7949
90.7303 69.0483
45.0632 8.23395
49.7493 65.852
40.9979 44.158
13.8579 55.4122
17.5992 79.3106
14.7571 69.4249
1.88373 57.6847
90.2375 98.7336
81.6991 24.3193
49.349 47.2837
67.4088 55.887
54.0501 67.751
59.8633 56.9644
83.501 77.8688
85.7593 74.2313
46.917 30.8224
82.4653 96.6664
96.6744 23.4632
40.8244 10.5323
78.8754 58.4236
89.8429 93.6325
27.8485 91.7266
51.3172 18.086
90.4602 33.0163
42.4053 39.8092
80.3001 9.81415
95.6962 34.3502
77.5652 55.5595
91.3145 61.0662
33.4283 77.0738
35.2975 80.3453
7.89621 17.7628
77.0117 4.57065
41.2261 17.8361
15.1029 20.1015
76.2597 4.94582
13.734 4.10819
96.6724 65.0512
22.1942 87.1326
98.0676 64.5995
26.9418 78.3676
74.4137 22.638
12.7178 51.9788
78.1976 4.03234
13.045 11.6259
81.1061 48.3425
91.9712 89.0023
66.1054 68.9829
93.573 7.33142
86.819 8.67593
27.4329 63.0787
13.6218 41.1669
67.1869 10.2942
6.21814 89.381
97.4268 4.28571
53.9806 24.3686
82.6533 28.3942
47.0067 95.3712
80.373 25.2043
99.4035 93.4181
36.8301 80.5096
41.7606 28.8014
69.512 7.86595
97.7843 63.0849
15.1974 84.6033
71.7609 42.6303
47.682 85.3826
83.7972 14.8688
95.6768 90.0153
4.24989 93.1036
94.301 58.2304
17.4722 76.9544
86.6247 64.4789
72.3255 66.9977
89.6832 71.729
60.4157 26.5133
52.2387 2.17634
55.3146 21.7506
10.0423 53.0989
84.8356 25.2397
37.7022 56.5964
67.8699 85.3842
41.9791 51.6671
0.253043 37.6559
41.6824 4.50293
30.7595 35.9835
62.7334 48.2317
12.9378 49.358
12.7106 85.2634
16.3557 2.3938
56.9924 76.7715
28.9071 9.23105
78.9478 84.2217
30.9817 88.9901
37.3207 15.8172
14.2298 75.0229
72.4137 82.0997
60.4071 14.3928
33.7668 60.6601
52.0486 75.4492
65.1631 82.8081
11.4327 27.8965
31.0399 24.3705
77.2545 43.7505
9.63389 93.6102
46.1443 66.6263
70.3817 75.0514
75.8573 49.3295
59.2731 6.839
38.3196 96.5938
22.6562 52.5494
71.6167 95.0699
34.6491 32.0238
9.46269 68.4159
92.684 61.5113
43.8651 57.847
44.3195 55.2978
85.7435 75.3593
79.6683 62.998
19.1098 89.3022
56.6082 65.2541
55.9285 26.9899
40.3055 31.7858
76.3194 99.5786
38.6248 14.639
96.1724 61.2811
67.1884 67.7891
56.351 1.83744
99.8129 65.8137
70.2533 92.4969
27.325 14.1184
50.3439 71.6445
69.4162 36.0874
47.0038 49.0846
99.0853 66.1136
38.3868 55.6935
31.3677 94.3153
82.6834 71.6732
26.1012 59.0028
71.2518 64.726
73.6417 67.4242
26.0071 40.8301
35.2133 82.3581
42.6675 35.0262
48.1718 12.9209
27.5231 75.4969
27.0393 77.867
47.1414 96.4555
13.9544 94.1452
45.5401 13.0397
60.2588 83.9269
68.7332 91.6266
78.2423 51.4166
63.2998 4.34342
10.4194 34.5517
69.0694 84.0611
1.9759 95.0765
24.8912 37.1892
77.4346 67.5587
72.2155 25.6065
80.4796 99.7386
1.10332 7.51891
77.6056 48.2447
3.97446 91.56
42.3899 49.5146
4.59968 2.64871
33.4415 73.3329
94.2753 11.6838
24.7495 57.5751
16.0272 35.1689
92.1268 85.0966
19.23 94.1027
80.1732 44.1212
31.2919 57.6078
11.6799 3.50739
83.2143 92.1595
3.24598 84.3176
99.6784 80.8516
32.5623 3.65289
72.4115 74.9521
53.1675 77.0112
77.6008 86.609
50.3441 71.8761
98.2928 75.0936
29.4512 14.32
10.2625 21.578
99.4166 29.4925
15.6807 79.5898
73.6137 46.9726
37.1976 85.2936
50.48 20.4118
77.4531 53.726
4.72943 77.1315
34.5775 37.2917
80.7844 6.98908
12.2438 33.9519
84.0003 89.8447
20.5609 34.3444
61.7208 18.8537
9.43808 91.1721
33.1736 19.7006
12.7501 32.5903
49.1931 28.4308
12.18 22.8067
75.4033 49.3776
8.10031 25.8833
69.7894 85.5534
79.6093 74.5189
62.6849 14.1868
11.8106 43.4693
21.1759 24.0544
77.4212 5.17619
13.8991 97.9821
39.5206 75.6199
16.8358 48.9587
66.792 50.0095
68.6593 79.542
82.5997 17.8524
7.97279 94.7797
40.6591 83.3761
44.1573 48.7594
9.25944 13.9467
34.3128 88.8687
88.4656 96.9978
3.0555 0.276176
40.4671 24.2314
24.3306 17.8883
29.4076 38.2297
15.8705 68.9282
13.8495 32.7063
17.8869 80.6415
82.7157 86.5462
60.1835 65.3154
4.39859 68.1563
60.0952 45.0577
51.5324 4.25249
93.8171 60.7919
18.1992 28.13
49.6606 6.66486
25.1277 52.7161
6.94103 65.5948
76.9474 31.2716
83.4831 6.35502
69.5013 99.3536
75.2832 83.3508
32.0599 93.1701
63.9923 14.7756
79.7163 24.1758
80.0911 84.1149
92.3321 40.1862
29.1726 43.8646
44.4387 22.9898
4.65643 62.638
51.1197 54.317
69.3028 76.2474
7.03306 76.2439
41.8422 83.9805
7.51548 25.3254
90.3355 77.0167
24.679 65.6188
60.3675 56.7389
58.7889 24.3598
71.5145 38.5052
48.5357 51.6055
22.6201 40.8678
91.7918 51.7928
84.7323 36.2305
74.7825 89.3888
98.8685 25.9023
43.7058 68.1713
2.14967 50.7388
44.4152 43.9919
34.7193 51.9307
69.3173 25.0549
28.9474 93.9962
90.6736 89.315
50.7351 49.4625
13.6748 22.2496
87.9677 62.2105
73.8551 10.5879
3.07823 65.6469
62.3806 87.8106
1.87739 37.1632
77.1993 0.745884
63.0654 20.9051
68.9172 65.2151
71.6439 13.3324
9.207 6.36323
65.2631 78.5243
31.4181 94.2105
72.5205 22.0917
83.5254 23.2556
71.5542 97.2002
45.5052 59.5219
59.4107 19.3603
70.1098 62.4889
85.0072 32.4904
50.2995 86.8846
69.6536 27.4988
87.6304 32.719
48.4039 56.5477
97.9341 20.0478
69.8801 7.14115
26.411 35.1431
85.6654 57.8291
29.3536 58.1859
79.9208 12.8791
81.4415 51.475
10.0793 26.9467
10.997 69.49
46.307 81.1068
31.9789 31.3142
13.5972 82.2784
18.1987 83.2508
9.7772 5.8292
15.9699 58.1811
62.3769 13.904
78.2289 32.2569
21.0452 4.63989
67.4 6.71058
62.469 96.7537
64.8965 42.3898
9.63273 46.3381
93.8648 19.712
73.2848 4.8618
89.202 19.5918
85.9686 21.1809
50.906 99.5658
3.45932 69.1047
82.8166 13.2365
74.9339 98.7864
71.4176 37.3108
12.6905 49.6465
69.5677 33.7356
54.2864 36.9677
40.4462 16.7554
33.7214 5.34271
59.1452 43.3541
51.6808 53.01
63.0662 24.9656
57.8718 52.2682
44.5574 43.8404
73.4491 95.4633
43.4062 76.9084
64.5681 26.2227
90.1449 39.502
25.0092 61.5626
76.8127 37.6997
11.2091 46.3804
71.4353 65.4954
83.3482 11.8815
82.2508 17.0695
17.2242 41.396
60.4237 68.905
94.4061 23.4898
93.8705 52.2779
75.758 38.4279
96.1183 49.2071
33.8912 39.5245
26.1155 98.4593
65.7472 16.2604
37.9612 90.7564
77.823 14.774
28.456 89.0321
61.1544 99.8913
54.5275 44.5026
11.7728 36.7783
61.5721 28.997
78.1744 21.9958
97.9019 72.5804
45.4856 91.7724
24.8583 21.2436
30.2003 20.9766
70.4507 64.0915
60.5011 96.5662
62.5508 26.2483
12.8266 0.512011
17.0046 90.6496
15.286 45.4607
79.6817 76.4404
45.352 34.2092
20.9429 57.1248
70.9875 82.5151
86.1217 49.1619
4.51082 84.0236
21.7423 49.9964
75.7961 46.6006
71.24 5.99636
67.5772 41.6907
70.0879 28.0783
38.2568 32.6387
54.3265 51.0834
33.1507 71.3312
41.733 48.4367
16.7918 21.4147
24.877 62.1438
55.6239 45.82
19.2686 26.6114
28.335 5.39028
75.7733 32.8459
89.4139 97.5156
82.8423 65.21
44.1162 54.0823
71.2063 11.6934
95.7729 41.2942
39.7716 34.0298
73.9328 94.0981
85.1132 7.08351
65.4293 26.8462
55.5202 82.2211
48.2609 80.3972
44.3649 3.88483
26.2172 63.6335
30.4962 54.5522
69.0238 6.2695
87.3981 58.4377
3.78505 70.2404
23.6476 47.9012
24.3227 94.8539
59.5946 20.0956
36.1481 99.3662
54.1254 10.081
93.4643 39.2386
17.1645 58.8936
66.0848 72.6847
41.1147 14.3457
53.0819 85.4796
18.2305 79.2991
49.1131 48.7268
33.8513 18.1369
54.9963 21.2494
76.5745 58.7813
91.4898 0.222143
6.68253 15.8125
95.0761 66.2771
35.9081 31.2242
65.6433 90.0335
41.3052 59.1076
29.272 58.4697
18.0012 95.3568
31.1543 59.1159
9.70252 84.2362
44.5956 27.9331
63.5353 93.7087
76.6598 97.3866
11.8456 31.6561
18.636 88.4201
90.4374 10.1258
88.6422 97.1199
25.9383 83.7183
63.397 61.8464
14.9425 29.0403
51.8798 56.2477
88.1479 81.1519
14.7174 6.14912
76.5087 45.8717
65.265 86.2112
30.1079 9.86061
14.1442 93.6432
3.56928 90.8041
91.0297 15.4148
22.4602 9.66569
3.83491 12.8976
19.7915 92.4771
10.0175 45.7297
76.1954 73.4145
7.57608 91.1379
2.45485 59.4559
47.3857 90.6028
40.6078 62.103
96.7519 17.1164
7.97478 62.0169
3.32761 38.0827
71.8775 17.4718
31.7259 75.4468
8.27591 22.7556
90.8616 30.7361
32.4213 94.6966
43.6336 52.2128
87.1737 53.6512
97.9425 63.3691
27.0657 5.51858
54.5071 29.5205
64.9745 1.89271
20.1233 5.58226
63.9958 16.8752
22.6987 71.9705
78.8921 26.0263
10.0532 50.7696
43.4982 41.7791
26.2164 51.7741
64.5348 17.078
82.5101 96.9561
11.7746 26.1438
49.1688 98.9483
79.7949 47.1113
62.3174 6.86064
52.6299 16.8245
36.3812 17.6044
18.7172 56.5045
23.1867 82.7129
73.3797 45.8854
54.6835 52.2718
71.9117 64.7367
3.04137 15.4098
6.51584 29.2578
67.1839 71.0506
46.3358 49.694
68.0067 58.1104
75.8378 17.1755
57.0587 55.6328
64.2869 19.3761
62.4934 16.9168
36.2006 98.8746
34.5212 54.9178
55.3791 57.7079
37.6307 28.7588
3.59322 92.3142
81.0305 75.5049
57.0509 84.0719
90.9147 63.5667
13.3297 58.0986
34.6173 59.6655
7.79263 2.62397
17.7759 83.6304
19.7995 74.8346
39.2632 84.0863
94.2108 1.7566
1.0031 30.4113
0.631198 35.5243
85.3291 56.0103
93.2321 22.9598
84.7691 96.8254
15.2739 65.7996
72.3303 72.3248
49.8715 63.245
35.8915 63.2011
21.3436 70.5088
22.8666 29.1362
73.1328 40.6426
12.7666 92.9322
15.4772 52.0298
77.0186 9.68796
53.7864 78.0217
40.0993 54.4176
13.546 25.4284
10.4279 6.7781
48.3881 95.197
3.60347 63.6621
60.9966 75.9337
35.9868 10.868
39.1787 71.8783
74.0692 60.5223
42.3871 96.9358
89.6585 15.5199
37.5784 2.42512
8.45216 53.0556
54.455 85.4707
62.7436 8.24142
63.4924 2.84285
62.6591 77.0384
28.2712 73.087
83.8165 76.6593
68.284 87.4199
40.3214 29.2806
63.3537 76.3082
40.1486 2.53235
48.1866 14.2178
63.0546 90.5737
11.1537 52.7131
6.09364 48.7321
55.1382 14.5458
1.78767 9.5932
0.0165346 64.5312
17.8346 63.5089
67.3741 80.4937
40.5473 95.6453
53.5807 24.3638
72.3046 21.8647
11.7837 12.626
51.1453 75.1373
88.9343 91.2939
77.6697 37.1209
5.5117 40.7243
27.6946 16.6654
93.4374 33.7882
65.3974 48.5757
48.334 67.1851
58.1689 48.3506
31.7163 76.0035
11.8595 99.0904
56.4972 52.4068
94.7357 10.0779
76.7705 67.0403
31.9426 88.5542
79.6663 83.0878
63.6916 68.6006
74.3817 41.3612
5.72147 79.8934
82.0856 33.4161
96.5588 75.523
67.2043 61.9562
24.0986 15.5383
29.1412 82.2675
63.8889 60.8576
58.271 75.7484
59.9479 14.7682
28.1552 54.6836
24.846 4.92571
21.7239 56.7886
93.4799 1.39027
39.8764 57.1715
69.9909 14.2581
98.5327 75.7124
94.1515 80.6183
9.12842 90.7103
56.1413 76.3327
52.6665 80.2399
91.871 81.8077
62.5074 55.7599
42.6653 20.7784
31.5082 2.61321
35.5465 59.6634
57.2968 60.3926
64.5891 79.0207
17.1811 58.069
80.411 57.0575
15.2405 50.4019
71.3156 13.7733
26.1143 65.4672
94.3915 35.2427
56.1774 50.5328
11.5754 8.84391
30.7727 3.44639
90.6516 93.2801
59.2063 33.3169
14.0585 90.7145
35.9301 49.6051
50.3779 93.2269
9.99761 14.967
72.2477 27.1787
73.0361 52.6587
84.2363 88.2766
3.06059 55.5519
2.04985 29.1749
21.0191 96.4414
64.4176 77.1965
46.9742 75.9929
86.0404 77.7469
79.4393 76.692
71.0271 38.6456
10.0089 85.0856
29.3601 45.939
34.6906 79.738
39.1659 44.6883
94.7051 11.4136
71.867 67.7411
64.0723 56.1033
56.0177 67.1329
11.6552 58.0676
96.3077 32.6742
54.509 60.7253
9.87072 1.48318
36.7182 95.9111
79.2301 16.1576
72.6031 50.2572
54.8032 82.612
35.3428 84.1633
28.5511 70.0334
63.9013 67.717
14.7217 58.6064
79.1306 86.5887
26.3475 43.2028
42.692 82.3652
10.3357 54.3471
40.4328 6.64341
87.0213 94.9418
67.3687 96.8921
96.4249 4.08691
92.8032 75.6551
20.2445 65.4063
25.9122 75.0476
48.0184 61.255
59.2109 76.5694
31.2885 23.1122
44.2864 46.0102
81.7186 23.4169
32.5989 8.06605
66.6198 75.2908
90.4313 76.9554
29.6379 30.864
83.5988 16.6593
25.8058 50.9675
13.5513 22.2307
55.0544 6.35451
97.8858 75.2989
71.7608 23.798
50.3465 19.7792
85.0531 9.55744
96.3486 16.3415
32.6696 40.635
62.3517 14.3882
64.0519 94.9505
22.4543 30.6717
70.2413 12.8855
7.62713 99.8793
43.7496 91.226
16.5386 69.5553
42.1935 30.0899
91.7861 97.2479
36.4444 89.6718
72.5469 8.20524
13.4699 22.8934
27.9844 98.5229
32.4508 24.333
14.8645 65.1205
64.968 77.2161
79.5087 29.02
72.1667 1.96293
59.6917 42.408
14.8484 67.3188
42.2873 58.598
58.5448 58.8258
28.1533 0.738272
88.9157 19.9394
97.9862 25.3601
9.61124 70.5331
33.5654 23.0811
93.4265 61.5498
21.604 25.8773
85.8829 36.4685
90.9977 50.8509
13.6846 70.5064
79.8709 85.8513
72.4693 39.5625
28.2593 87.3178
6.88131 70.5466
45.9158 65.4261
29.3724 74.0691
66.1644 18.2882
94.0085 64.1506
43.6483 3.61971
34.6836 77.2137
26.7008 28.1101
38.7635 48.3049
53.9874 24.6464
84.7734 44.9851
75.4973 98.458
15.4915 55.3681
84.3093 87.9608
94.9306 12.5686
75.2786 1.81196
83.1152 21.1944
67.238 12.4876
95.2634 33.4024
30.7758 89.2719
97.553 74.4241
92.8916 32.2366
51.6378 19.5925
60.3467 90.4013
67.8973 14.334
15.0477 52.6707
59.3191 90.5449
51.1287 74.8106
45.913 35.438
62.7715 40.8437
48.0065 38.05
42.6556 31.1217
59.2444 9.89368
43.6093 54.5078
43.2961 74.3851
43.7798 40.849
48.8092 36.6714
73.0856 0.446939
56.2639 33.4323
90.8482 24.1612
47.7663 5.89588
76.8319 7.08545
96.4408 27.9605
81.8961 42.3538
63.3985 44.6675
