2500 1000
59 5.05677
9 86.7712
71 16.3185
44 68.1602
96 93.8378
79 38.3381
49 85.5826
27 79.0737
43 10.4822
59 97.5218
14 49.3487
7 74.7592
60 86.3785
52 2.70146
31 98.6263
31 37.5956
42 65.4034
0 19.9515
54 63.039
83 90.1646
1 89.6084
73 73.6582
14 19.1493
31 82.0218
45 80.9197
53 31.0766
47 38.9606
90 33.8023
5 40.4326
59 98.196
22 25.3176
31 42.7419
35 60.1585
79 72.4429
28 50.8051
44 80.0743
28 91.1103
31 15.6045
21 6.46436
51 39.891
4 77.17
25 17.6523
21 76.8034
11 41.4697
10 87.9585
15 56.2949
65 75.4572
97 3.99707
29 61.7302
94 58.8133
94 39.0475
39 52.9489
59 92.62
17 40.4174
85 66.1799
47 86.4684
30 51.2761
98 59.4805
92 55.5754
30 45.3155
32 40.6158
86 56.81
43 0.647234
50 51.6888
64 37.2471
82 74.9129
86 49.3895
34 6.4524
45 96.4153
78 41.094
24 27.1782
76 5.94501
1 31.6831
58 6.53382
84 66.3756
47 30.7924
85 53.4598
66 23.0644
70 48.4095
0 16.4845
65 85.2551
45 61.9511
57 19.2592
1 76.6542
35 15.2733
36 78.2696
8 45.3105
66 20.9059
87 49.6401
7 64.2521
16 79.2891
92 23.007
41 82.647
29 86.8559
31 20.8245
49 16.713
16 94.7377
53 40.7243
78 47.0677
27 29.6713
38 35.1267
25 4.79262
77 92.1555
60 57.4308
19 53.1382
92 57.8112
75 16.7274
36 65.1761
46 26.8896
79 30.4309
98 55.3723
79 53.7938
75 25.8081
88 64.1068
90 11.8966
67 35.2169
32 1.719
79 27.4604
35 65.708
77 35.67
59 6.57413
41 51.2734
57 74.2994
2 22.6759
98 68.4814
86 48.9032
62 0.250717
64 73.9637
1 97.215
43 98.9346
72 31.8487
24 56.1348
7 74.161
65 27.4421
94 68.4865
1 58.7151
16 56.5933
40 98.3622
76 26.438
82 32.0818
24 74.1449
72 18.7732
85 83.682
76 0.454469
40 30.8074
29 90.0087
34 33.5406
69 96.2238
60 29.7387
89 47.5705
82 86.7781
61 73.2859
37 16.2741
76 74.2641
44 92.6862
41 37.6315
78 87.3309
59 41.2268
1 49.1416
53 51.91
59 41.0704
58 42.6051
40 88.0622
39 82.3124
67 62.4949
8 16.0262
71 36.1685
51 92.6443
70 60.9601
74 95.1546
90 73.2543
88 20.4774
80 89.1909
36 31.5982
87 3.3855
27 18.2815
77 25.4269
43 19.0668
17 99.7156
22 31.29
63 31.2621
85 11.4834
99 36.6282
47 19.8731
69 71.0362
89 51.2346
89 47.8139
32 4.8758
76 33.4163
55 75.3372
63 19.9822
61 81.2576
71 54.5053
61 58.8982
92 1.70362
73 16.4313
14 37.5044
94 0.396313
0 32.0425
88 71.7209
14 35.2972
84 47.3693
54 94.6675
25 20.1159
90 88.7191
46 64.8855
66 89.0718
45 54.1105
68 46.4676
78 97.7979
90 3.19687
20 81.1369
15 42.144
71 14.8338
55 1.80267
88 77.2653
88 9.51017
25 20.211
93 76.8797
76 32.2614
82 35.7801
36 74.3001
86 43.2902
37 68.429
40 41.4192
67 37.9289
20 80.4562
39 85.3173
53 0.599048
54 96.7867
73 86.7058
29 39.5016
66 98.6865
55 0.393675
56 0.039492
95 41.165
58 29.8021
90 60.6715
17 43.8756
51 62.85
44 95.3275
44 29.9109
57 19.8447
3 98.3839
46 15.3793
70 22.8455
51 69.2226
81 98.3012
58 22.0596
29 43.4753
72 31.35
57 57.9187
61 0.105286
27 34.2443
27 47.6906
40 29.2756
48 97.8732
39 18.8018
19 74.4147
19 38.1616
99 12.3562
85 91.8792
93 23.3541
20 49.4879
6 88.8752
69 67.5129
30 77.6034
62 81.3772
78 44.0217
74 21.6896
68 12.7158
81 34.7304
2 10.1518
26 28.3068
15 70.7178
87 74.3605
87 27.4756
69 64.6528
42 56.42
87 96.2435
94 7.10388
79 65.5202
87 89.1879
68 62.4161
83 62.5189
74 24.9219
8 35.0709
71 85.8236
80 13.1845
84 29.7891
95 80.5989
65 66.9763
47 70.3892
18 58.9042
27 45.7698
89 72.1043
13 18.904
99 37.581
14 84.5219
69 41.3015
62 84.1027
0 22.2755
55 25.8758
85 64.3962
73 22.2296
82 22.9626
92 98.3348
54 10.9031
34 21.568
28 95.5332
29 24.9549
36 20.2115
90 5.262
47 51.9508
54 57.7895
2 36.8248
17 59.4757
91 61.0657
79 67.1994
60 24.4119
45 19.6472
25 92.2576
94 37.3134
28 86.706
56 72.9679
43 26.2192
25 49.8767
32 41.7817
18 4.22314
73 44.9226
1 86.9848
93 3.90478
34 40.8477
42 31.8121
64 90.4324
70 97.4761
49 3.59842
98 28.0617
78 92.8944
24 99.7933
34 97.0069
24 63.7851
50 72.4432
31 2.02233
88 99.2993
45 38.6789
84 28.6923
11 32.7446
26 7.55422
36 77.5871
8 20.7807
51 8.06629
5 64.7969
53 65.2909
79 50.8957
70 23.5537
97 91.0966
76 94.7863
2 92.9056
68 40.2061
64 43.7535
84 78.4891
55 21.4688
23 41.9858
54 75.7904
75 27.0096
17 94.6361
24 20.9502
79 71.2039
57 17.1243
6 51.3252
75 70.0022
25 28.0168
3 5.96165
63 61.597
23 13.1274
40 25.0528
80 77.7964
7 2.85021
80 75.5446
14 39.3552
28 75.2117
33 37.6301
57 93.4243
81 82.4029
74 30.9336
98 51.2267
43 76.15
52 65.7243
4 0.165937
21 28.2794
48 32.6719
38 4.90986
8 99.8538
36 30.2506
59 86.4007
43 77.9526
86 3.59709
91 57.7743
40 24.4167
14 7.57007
60 73.9054
15 56.2861
89 38.0402
1 32.167
87 49.3317
24 51.4995
83 13.7786
16 92.4718
12 64.1695
31 89.0308
54 92.3282
11 12.1826
2 82.566
88 92.9467
27 10.1341
12 62.3331
67 59.3135
42 34.0949
46 40.6295
53 35.5599
65 26.7083
21 71.9647
44 43.4689
43 54.1194
93 87.159
80 58.2085
0 10.1335
40 75.4125
47 40.348
0 99.6823
35 68.876
14 34.5216
91 80.6345
63 25.5433
52 34.8784
76 11.2253
98 48.1627
70 2.07359
39 47.6265
50 99.2699
92 99.3431
32 14.2727
27 27.8695
99 2.17616
5 58.0444
52 18.6996
16 63.8738
47 55.11
75 21.8377
97 65.7724
30 41.7566
96 18.3027
75 60.1876
74 81.5509
36 76.5693
50 42.5997
8 38.2992
72 85.389
60 46.5576
61 34.3861
27 89.4237
10 31.5225
32 6.30697
50 97.8058
71 67.2858
86 84.8608
77 40.5759
34 98.9618
5 23.5399
70 8.57766
85 61.3335
69 76.0216
8 8.04967
80 65.8014
17 48.9758
89 59.2092
59 53.2733
87 91.6969
8 77.3642
50 87.7249
41 53.081
33 53.6925
22 75.7492
23 94.4203
75 33.1669
20 99.3982
19 54.1753
6 94.1332
83 36.8304
51 16.8322
32 60.1221
96 24.2057
92 66.7731
86 72.9756
76 5.4054
32 88.7873
76 33.2862
89 52.1432
36 95.134
30 8.32445
10 49.5615
76 22.8014
92 83.1424
12 65.9617
74 76.8691
27 5.77908
56 58.8354
2 50.3865
62 45.8874
0 69.7458
77 84.0626
9 9.7792
1 1.01288
56 26.3842
62 8.48587
1 24.4479
90 42.4313
6 61.7841
12 64.1839
10 45.5466
34 10.5398
45 78.0442
65 81.3104
90 94.9837
87 51.7927
18 78.4907
75 23.2626
70 53.2041
29 50.1923
14 20.4224
17 14.2968
69 16.7255
45 92.1195
42 82.3018
46 6.25556
96 97.3563
93 79.174
23 86.1706
40 3.83115
38 87.6824
57 45.8838
44 91.4792
88 54.443
61 93.4218
96 24.2715
13 63.3135
95 58.7144
73 95.2965
10 58.5487
50 7.13728
71 5.44673
41 81.5997
39 79.8941
75 45.1053
31 48.9246
10 39.3492
74 98.9607
24 63.9547
72 75.5117
83 58.0391
14 71.2208
35 38.3516
31 1.39171
54 80.7691
28 11.2465
50 24.7447
54 92.4
68 1.31397
8 74.1147
76 56.0194
61 79.2069
31 17.8477
93 26.1969
1 31.5714
46 39.179
86 1.49186
86 10.9631
73 40.335
34 73.4916
11 72.2953
83 9.01051
13 1.4313
56 3.3845
34 73.7047
78 49.1645
8 0.538588
49 25.0926
79 6.53896
0 0.188767
11 52.9982
69 27.7208
58 49.7676
23 94.3336
73 51.0388
11 11.2068
71 52.5633
49 20.3742
36 21.6278
71 56.7399
70 1.25795
33 25.0565
92 34.2757
23 20.1828
76 1.43875
4 78.925
21 59.7394
89 8.92703
81 45.3299
14 99.6097
70 71.0858
42 19.7029
24 31.0337
31 77.6437
96 63.8358
82 47.994
3 40.2879
50 66.8903
97 23.1997
67 15.3784
0 7.44471
13 79.0754
96 0.949304
52 76.6912
67 91.263
83 42.6479
44 87.1173
84 85.9979
68 2.42779
80 70.8125
69 98.0251
36 31.3573
30 91.857
19 12.8767
63 85.3206
5 39.6951
61 22.5585
36 59.9494
24 6.77292
39 69.7869
6 12.9415
34 60.3847
52 74.7855
22 18.2098
85 10.0241
86 43.4769
69 7.82876
30 46.3622
60 73.0817
78 14.7424
92 87.4939
38 51.1676
5 73.2081
67 33.5601
14 47.7576
74 78.0169
82 15.7818
27 60.7579
26 84.7842
55 67.7807
4 67.9899
21 2.85745
67 86.0918
24 75.5044
4 8.45845
54 17.5757
38 44.6844
54 6.00463
70 79.8603
25 97.8735
80 42.9117
9 88.3171
7 14.292
49 49.2609
37 28.0426
0 93.8845
50 28.2992
18 71.8512
24 45.9615
1 73.5643
49 37.6025
77 50.3723
52 59.8834
34 0.179395
57 95.9416
59 67.3617
11 73.9433
52 97.5468
8 4.75382
56 87.3115
9 63.8493
43 28.829
78 77.9378
33 6.53936
60 48.0358
84 78.3194
41 71.2438
0 67.9251
49 85.0686
20 70.8709
46 66.1574
95 19.8636
3 93.9114
81 28.336
0 64.2181
12 31.4617
46 96.8433
73 20.2158
21 60.9708
32 98.6806
92 6.85891
42 94.6448
81 5.69164
31 9.22981
28 30.6745
88 71.7705
34 18.3332
37 36.9326
35 9.04452
52 10.9099
7 80.916
50 1.33006
72 2.66214
83 52.5405
82 48.3011
78 72.6395
83 28.221
60 33.2627
66 29.8542
99 24.6729
47 22.5932
74 57.3607
75 88.0775
23 53.171
33 59.5618
99 70.3847
45 6.4524
98 18.2371
76 93.2607
15 72.7475
48 21.9986
85 96.7218
18 12.6712
0 84.1323
41 72.477
83 3.05423
38 5.24865
75 35.9966
72 54.7081
77 90.4482
30 53.2485
2 54.7477
29 32.5477
45 68.8155
86 43.7623
16 67.3702
57 86.9499
18 15.9806
98 94.0765
64 42.1466
69 8.91808
33 61.6237
57 5.61574
25 7.49291
10 86.7879
39 74.5938
34 58.7741
68 99.7374
45 2.32634
21 17.1303
77 10.1158
18 11.8496
90 48.5925
14 96.6868
58 27.9431
84 9.22259
26 84.0342
38 51.0279
77 68.4666
64 49.9738
22 56.462
33 95.291
0 53.9092
72 6.55794
67 63.5812
81 2.32424
34 8.18874
83 70.7625
39 42.0041
69 99.4503
76 6.28269
28 6.80833
23 79.5192
37 79.9669
35 16.357
44 3.24033
9 54.5084
66 88.055
31 93.5596
8 64.6532
88 18.3012
94 30.8377
93 81.1513
3 83.2712
28 69.0495
82 93.1026
78 91.3944
59 65.6491
29 57.7471
57 18.8994
2 75.5568
26 46.9231
31 20.6711
26 38.4828
87 29.5911
12 71.3714
27 70.1135
3 74.3823
37 3.80935
5 74.4202
79 40.375
21 48.1911
1 67.4337
14 2.68307
33 59.4563
99 99.285
25 43.7223
51 65.0782
70 81.1862
71 78.624
15 6.697
85 58.6697
91 52.2046
15 28.0753
95 90.7054
97 28.8728
11 70.0182
35 62.8499
3 90.9041
96 62.6328
72 87.1154
23 85.3734
73 8.12584
7 95.231
4 54.0125
52 0.089415
62 23.8505
15 37.52
78 91.811
85 32.069
3 68.0907
51 13.5969
53 38.0058
79 75.5609
39 41.9797
44 79.2703
75 0.111466
62 59.9328
46 15.0953
43 97.5494
99 29.0189
23 29.8173
37 56.3979
19 28.9245
72 32.9326
93 30.7254
91 21.9354
94 39.1324
35 20.769
52 88.8511
53 52.887
39 91.8438
16 32.7651
28 61.2358
74 6.9405
65 16.9681
70 56.4239
39 88.8288
82 14.1228
28 61.0307
68 78.7469
82 48.0789
70 36.0784
4 60.6236
54 1.90455
33 19.5962
5 17.5961
39 7.79007
77 63.2167
35 98.2215
90 27.811
28 6.11656
93 61.9751
20 97.0568
79 12.6988
83 23.1534
22 49.8437
58 92.1281
46 58.4435
50 42.7696
23 2.22634
11 15.1396
59 73.8058
53 70.1835
69 91.9556
39 7.17959
93 83.5946
23 4.00156
88 8.24155
67 21.6677
96 59.1459
18 12.386
19 16.0533
15 94.9117
43 57.2658
69 34.8449
1 0.0469727
98 79.3145
82 72.9143
49 10.8752
91 17.9031
14 84.6364
60 31.3509
24 47.0674
34 89.6964
67 60.5328
93 13.5562
1 57.8318
66 77.433
30 4.10638
33 90.4247
79 94.1909
32 88.9359
47 64.3244
80 23.0035
70 26.72
88 93.2544
60 42.4043
74 99.9945
97 64.1977
27 58.2069
91 38.5331
54 97.6494
85 1.37257
60 49.1084
33 9.78111
18 44.4303
32 30.0048
41 77.4775
69 95.2164
79 69.5288
97 41.3876
27 33.2929
16 87.3884
94 73.2638
62 22.9783
35 76.3167
46 3.23371
97 57.8763
14 49.0484
2 10.0852
55 46.5178
60 62.8015
23 87.8817
18 70.8518
75 40.76
87 5.03441
64 3.16371
81 65.9396
68 71.6147
51 42.1383
49 70.674
88 56.1043
27 92.421
82 78.514
47 20.9654
89 0.298864
4 43.1147
41 44.0058
54 3.37935
75 14.0944
8 55.2382
5 26.2869
29 57.4561
58 48.954
14 31.4298
32 23.6637
99 9.5472
62 76.0115
11 93.7487
20 43.4376
80 43.1247
13 82.1973
62 6.8368
16 17.2357
18 41.0607
50 54.3555
54 50.4588
51 54.7007
94 72.8689
