2500 1000
37 36.9857
74 94.747
24 6.40253
94 40.4175
0 6.26235
35 36.9395
64 48.8803
33 93.4364
53 66.3036
35 57.2806
15 10.4893
61 14.8694
80 94.6401
73 45.4872
55 73.2432
97 52.9955
28 22.6548
14 70.8783
45 52.0366
44 11.4713
14 45.4619
69 7.99888
95 28.4751
59 25.4197
1 1.70839
70 78.3181
48 81.0416
86 77.0425
3 58.5158
63 25.0225
30 40.8857
3 41.9878
32 25.7604
64 92.5977
78 24.1618
26 36.096
87 52.48
74 63.966
49 45.5301
35 75.7338
27 72.0861
22 59.4362
93 47.2394
55 28.8093
23 59.0083
59 37.5141
79 31.8497
13 63.4344
84 92.368
92 35.4072
37 60.1012
58 86.1535
65 15.598
11 93.5362
17 39.5052
68 8.36659
8 23.322
72 64.7189
3 4.28142
50 76.3165
99 47.3601
33 63.1836
76 93.3325
46 36.8199
75 82.6501
27 2.23025
9 43.7302
88 55.3325
22 38.5033
41 20.4564
51 18.1388
89 89.5998
4 96.6257
13 12.0221
93 47.8471
87 64.1968
76 2.16929
75 74.4169
18 53.9985
70 81.2023
11 83.464
9 79.3999
87 71.8163
47 86.5225
53 83.6011
54 88.3282
1 35.8018
16 43.2007
56 32.2468
66 33.3346
96 43.5615
42 75.3009
77 24.9119
81 41.2325
90 60.9547
44 15.559
1 5.8673
74 71.6129
54 29.6914
50 88.0032
13 65.1142
64 15.0324
99 54.2594
21 33.3434
13 13.4559
6 66.6
44 64.2095
38 2.74805
70 91.6188
20 68.0318
23 66.4154
66 96.9922
69 78.5499
64 49.9663
18 26.7404
35 21.5338
71 14.3009
47 92.7705
84 94.7993
79 55.0664
59 92.7919
63 65.2724
37 63.5673
76 46.1228
73 12.0011
24 7.75963
12 97.7455
24 50.6991
35 73.3568
60 84.5367
7 38.6349
38 91.9518
48 42.6367
2 21.4959
5 10.8361
34 45.6911
70 98.2287
19 60.6294
51 78.984
19 16.9822
43 20.9068
24 69.4015
85 29.4936
92 94.9478
89 20.766
27 2.94766
48 85.555
75 12.3366
2 79.6217
33 65.6277
62 10.3949
23 94.0857
69 22.2824
92 70.4196
89 61.4672
97 92.2515
54 12.1435
91 1.0264
22 81.7536
12 44.4875
87 75.4587
8 61.9204
8 42.3346
84 89.2055
17 8.08957
69 12.414
89 66.1521
16 27.108
34 61.2148
79 89.7009
71 84.9293
7 5.05605
3 43.6053
68 38.71
85 2.05664
89 27.8784
24 30.6327
9 38.5291
84 64.0559
47 94.9236
15 82.5678
85 90.6299
61 13.8374
14 37.1544
9 15.2655
23 97.7342
27 8.80759
9 97.2677
33 8.87269
59 77.7717
10 19.1752
44 88.4447
49 95.4491
72 22.7753
50 54.7084
39 31.6505
88 25.0366
73 85.9961
25 40.0183
50 13.9262
34 50.0058
18 55.4787
56 14.4506
43 11.2263
5 88.7241
61 34.2526
55 94.6482
2 57.7073
10 49.6711
90 49.6023
46 98.1816
30 41.6557
6 3.53317
36 62.0923
43 50.8024
18 98.8353
12 87.6789
90 59.6216
16 7.06039
10 25.4528
88 59.8459
37 3.68385
80 82.4027
99 44.5913
66 41.8738
55 36.4533
24 75.4464
46 63.2738
92 5.76078
14 22.531
21 1.38458
17 57.3713
22 75.6804
54 91.1929
93 87.8407
12 78.5252
40 76.3512
28 2.1806
40 43.6003
15 90.8277
22 40.9656
70 25.5296
11 5.38997
28 95.3915
4 14.1694
43 67.7139
80 39.2889
11 4.61747
21 42.078
92 97.71
81 12.4562
0 77.6052
5 58.4444
94 47.5612
12 26.5578
56 87.5187
83 65.67
84 83.9353
96 1.85167
49 82.2107
60 97.2494
77 31.5751
6 75.0097
94 51.5076
5 32.003
93 47.0064
95 25.4529
60 33.2665
26 4.39751
50 85.9419
67 19.2167
25 98.4786
86 86.5089
96 55.9466
74 61.7407
86 4.38166
43 88.0818
26 95.5284
4 72.1494
28 80.1793
11 96.2535
48 48.6116
19 51.7974
58 5.60366
15 62.7058
35 87.1502
20 65.0061
85 66.8092
74 68.0427
44 39.8755
84 60.9131
87 88.7735
45 80.214
28 12.0864
86 31.3378
11 56.5158
81 19.4514
55 49.2978
20 87.0054
97 27.4437
26 46.447
23 31.6338
49 0.222668
56 62.9681
94 21.1988
76 98.0488
82 47.1008
57 31.1067
28 71.1242
81 79.6782
97 35.4588
63 30.0534
56 41.3213
79 26.159
84 34.2526
16 78.038
14 68.1966
61 92.1527
0 8.11479
39 36.6846
22 57.9643
77 11.4254
30 21.5557
36 32.3799
24 85.7252
25 95.1419
14 48.252
52 76.0942
7 4.54647
51 17.9
13 55.8559
53 19.4987
59 5.60984
94 92.4718
36 66.7721
57 43.0382
0 63.8898
14 29.8016
21 96.9957
89 78.1254
21 74.2396
70 3.90491
54 98.4627
58 12.0649
59 82.2524
56 41.8082
28 25.903
51 62.1608
28 72.9583
98 45.2374
31 83.7889
22 64.4669
42 42.7392
62 33.1242
92 56.45
64 22.4559
69 84.5171
52 53.1812
10 6.3599
37 85.9889
71 95.211
93 26.7205
7 89.104
39 52.6268
41 43.5139
0 1.79284
98 86.1399
56 74.9815
16 60.5282
8 68.6141
25 19.3554
73 47.6678
59 17.4307
69 86.8522
40 66.095
90 12.4028
52 0.638162
15 82.42
79 28.0047
47 51.8046
97 32.911
97 98.8214
27 19.8572
87 47.93
75 81.9087
3 97.3636
20 7.61399
46 5.13663
5 45.8803
49 48.8353
74 64.8299
9 73.2813
27 0.361524
38 55.2103
83 90.7479
83 99.8849
37 60.6123
27 42.7098
86 72.5092
7 60.8549
14 7.18381
66 55.682
90 3.24988
14 39.8425
81 52.8075
41 61.1055
58 49.9159
34 83.1055
79 90.0879
96 78.6437
9 45.3307
95 4.49478
12 77.2348
63 86.4125
93 37.8443
65 4.16188
85 5.48584
94 59.8259
48 20.6626
72 57.8659
75 88.3462
37 91.1075
20 53.3581
71 88.5395
95 12.5287
13 24.2818
99 45.7118
55 63.8023
87 75.9812
62 72.6906
94 97.4821
40 58.8536
63 36.6963
7 11.7037
47 18.3479
41 30.829
49 88.541
61 44.9562
1 96.1494
20 85.345
4 0.678906
4 66.5375
46 38.4035
66 69.3372
31 80.5546
65 28.2101
8 18.8802
4 81.0048
45 5.74323
83 12.9355
95 62.2781
19 30.7852
6 65.7008
13 92.718
65 9.23708
55 70.5283
71 87.6899
24 56.3066
71 67.4056
2 40.478
71 67.6716
27 25.997
25 55.7519
55 42.1284
48 99.7103
67 85.5863
66 98.8283
40 12.8074
19 92.1129
83 26.3793
91 83.5885
5 11.2659
50 33.9734
79 97.3718
23 93.2164
76 49.3392
0 6.53797
27 47.4399
39 82.3381
0 23.785
73 44.6322
35 44.0367
58 25.7427
16 7.98958
80 62.3696
65 19.2055
90 31.2765
33 17.2364
3 98.0441
65 66.6289
45 52.458
73 52.1486
97 91.3044
76 21.2858
35 89.1568
28 55.6908
0 54.4421
51 77.2495
38 56.5717
87 98.0404
71 19.608
42 64.8993
26 47.7174
53 16.1343
40 96.7438
7 37.022
12 98.7313
35 8.19773
33 88.7591
49 63.6782
44 74.5543
32 11.705
92 19.0966
54 9.18115
55 74.1936
53 94.6094
97 24.4675
39 44.6861
70 41.6444
56 17.9463
15 43.5837
0 87.59
48 44.1388
88 32.3507
3 25.2713
54 10.8138
67 15.3979
95 28.8219
75 11.4733
94 10.1626
94 45.2246
61 79.4685
42 64.2808
70 41.8769
97 84.9751
27 44.3134
93 14.7916
91 70.8737
66 27.6911
28 91.8283
20 99.2533
20 52.788
73 25.1609
51 49.1455
16 19.613
31 22.3011
44 64.0803
57 34.5297
44 25.9242
2 34.2863
5 36.2299
53 39.4581
60 10.503
93 9.95189
27 13.5563
0 91.1565
55 4.4223
39 27.4607
36 25.5544
77 66.2174
39 35.9144
15 10.0051
52 90.288
73 28.3558
52 20.9415
90 27.1116
9 41.2417
57 8.19292
92 76.9016
1 89.9389
71 19.925
20 3.26744
22 25.0399
7 53.9305
54 7.33438
64 95.7617
97 8.66629
81 43.2436
4 50.3015
51 15.1666
82 34.2415
67 28.4144
89 8.84795
66 27.2279
26 54.7521
6 76.2074
68 98.2622
27 99.0244
89 10.203
2 73.8963
24 73.1028
89 60.7862
97 75.4247
75 80.7234
76 75.6291
63 96.9692
72 38.1682
55 85.3537
58 61.9909
47 32.7657
40 29.7484
37 91.4202
31 88.448
51 51.3126
51 43.3995
16 16.1883
23 94.8669
49 98.2714
27 81.0042
27 96.0178
3 74.8848
15 66.5039
76 18.3707
88 60.0692
43 64.4392
70 97.1047
89 1.80804
43 22.1981
23 78.9695
94 88.907
4 98.7196
6 38.8713
68 82.0698
1 63.878
32 16.1375
3 19.7074
22 52.8828
62 4.07538
92 38.0688
84 51.6151
90 56.9795
22 96.6957
65 37.2446
5 49.0436
17 92.4045
19 38.5831
61 43.0459
49 84.7104
33 14.5972
81 88.1897
82 8.48422
4 21.7571
7 94.1083
6 32.6206
21 89.9771
39 34.6852
48 32.9554
43 5.74412
31 50.2746
6 86.4141
99 92.7382
22 33.8031
3 2.45167
46 60.8998
26 67.1019
54 47.7836
64 56.9865
65 36.9532
77 95.3732
74 83.2719
14 53.8094
62 32.3069
79 49.338
80 56.9648
54 92.8387
63 42.2917
63 68.3761
18 21.361
8 94.6083
56 87.8767
44 31.3502
95 37.2964
21 5.20102
83 39.4315
35 43.8234
1 85.9245
75 40.6605
16 84.3977
69 56.2824
21 89.611
34 84.7414
32 34.6979
21 7.9975
68 23.9454
20 38.3197
68 64.3161
39 47.4823
77 58.0066
75 75.8621
63 53.2576
22 20.1415
12 17.3184
80 57.4135
8 50.8004
76 43.0787
28 62.8168
65 72.3142
59 80.9377
64 53.5737
20 82.9175
56 16.7051
0 61.5634
51 48.8461
12 16.8707
90 17.0082
88 44.3938
44 9.31037
62 97.9517
80 63.4284
78 80.4197
52 89.1636
18 34.3271
20 40.7513
56 41.7896
10 20.1478
72 86.2185
64 71.9407
18 1.04024
2 67.352
45 45.495
57 88.0392
4 21.5099
86 51.601
31 64.0735
42 68.2138
27 21.5364
68 87.7296
12 18.8553
28 71.1283
76 22.8059
45 85.352
60 28.129
73 56.8064
29 78.0795
60 47.0801
19 8.51866
61 13.4633
24 32.469
94 49.4902
18 80.0937
16 41.0356
83 75.0814
96 57.4936
25 57.2461
16 54.5816
14 19.898
54 89.0765
76 97.2263
5 77.1961
54 70.0413
32 98.8802
35 59.3957
1 8.58859
93 77.4078
66 88.4071
84 75.7828
13 59.1316
20 58.2079
14 44.8009
85 45.247
51 95.506
45 39.316
26 13.1719
37 30.4654
78 11.848
0 14.6443
69 79.0667
56 23.0718
47 65.9046
18 45.7341
17 57.9811
1 83.7544
21 72.3811
92 33.7378
70 57.4163
66 16.5645
29 44.1298
32 37.5047
36 92.4229
90 47.6698
65 68.4767
30 14.9992
78 36.3541
5 35.1987
92 38.5505
44 56.5705
25 2.44964
91 13.6442
18 82.2872
34 92.0128
13 26.3667
14 92.6257
16 64.4579
1 27.7983
68 98.1004
71 61.1517
33 37.7821
68 14.1205
92 14.2218
42 76.3949
49 30.2519
45 49.3039
35 73.2903
25 7.53234
72 10.33
93 95.2809
64 8.12249
79 7.19323
6 18.0369
36 29.4612
75 10.4595
60 82.7145
13 66.7638
72 22.3779
6 46.1542
41 33.7579
4 31.7381
35 9.10769
27 46.0098
96 60.6058
24 16.1852
36 93.0365
2 43.7933
72 96.8881
99 35.2212
87 77.9676
68 16.9622
34 93.9224
79 57.5171
91 64.7116
77 15.073
46 80.0774
23 81.5313
73 51.8396
97 5.82508
1 83.8809
64 68.3321
61 46.3179
56 77.1471
26 73.9557
94 69.5553
81 58.049
12 12.6054
96 70.2435
27 68.2716
34 73.7938
73 33.4246
38 30.1558
17 43.0562
99 42.497
86 94.4408
88 70.8915
90 3.29528
68 74.8984
35 60.4155
54 92.8106
60 0.777458
43 16.4883
55 2.83094
68 83.5054
80 21.6869
39 54.4472
86 11.1703
53 70.0675
93 66.5984
70 3.10781
57 38.9425
81 23.8121
59 91.2088
45 22.6801
96 47.5646
27 81.595
39 66.3503
80 61.7249
63 84.8151
29 40.2838
7 2.52955
0 61.6136
49 79.334
49 67.9264
62 44.2457
74 6.97162
77 45.0336
70 25.4259
9 29.4942
35 87.8666
19 63.5967
13 25.4007
86 67.5449
4 99.1281
99 32.356
96 58.862
5 34.1429
52 48.5854
5 52.1567
50 59.4093
21 87.5461
38 79.5906
84 97.1646
92 68.822
28 53.1225
51 3.7175
42 26.1502
9 46.6661
63 16.2439
29 46.055
51 85.2061
72 83.4854
25 25.3926
63 32.8258
27 48.5827
98 73.9518
90 58.616
3 68.7084
49 58.5589
20 82.4394
75 94.2191
76 28.4005
41 15.2751
46 14.0644
3 20.8609
70 80.1188
5 65.0364
62 25.4159
67 95.6751
61 67.9784
91 50.4769
99 80.3865
53 95.4726
8 64.8735
50 86.6254
32 65.7128
52 33.4699
42 1.21372
98 69.1799
1 80.264
68 75.3975
7 96.1077
66 23.987
55 30.863
99 79.7655
32 63.9198
81 40.7716
24 39.3353
37 93.4013
88 90.2756
13 51.5218
64 60.8711
81 50.1017
63 33.7366
51 77.3629
84 9.32238
88 74.3834
96 93.1944
12 26.9538
91 18.0325
21 22.8988
55 36.9617
58 26.2587
36 99.9146
16 80.5057
35 99.6867
97 46.1787
98 17.0191
11 22.6427
61 15.562
30 64.7563
86 52.7661
88 30.3145
24 37.5102
34 70.0179
16 63.9876
91 37.4951
9 56.5871
55 77.2462
49 83.4139
22 46.692
52 89.7794
89 43.6585
1 89.1511
16 57.5543
18 66.3069
59 29.5974
16 61.4503
87 65.0335
99 17.1802
7 54.5032
29 27.9681
91 82.1171
52 55.7521
36 41.0571
21 17.1152
90 22.2666
81 80.6198
28 13.6931
35 32.2264
44 74.4839
42 93.558
10 17.6063
2 63.9932
